# Wingdings design metrics; units per em: 2048.
# Byte (hex), advance, xMin, yMin, xMax, yMax. No glyph outlines.
20 2048 0 0 0 0
21 2110 74 -37 2036 1517
22 2344 148 0 2196 1480
23 2665 148 0 2517 1583
24 2752 74 0 2678 1026
25 1830 148 -37 1682 1517
26 2492 173 -25 2320 1579
27 938 197 -37 740 1511
28 2220 173 0 2048 1517
29 1826 173 0 1653 1480
2A 2319 173 0 2147 1480
2B 2319 173 0 2147 1480
2C 2399 173 0 2227 1480
2D 2399 173 0 2227 1621
2E 2951 173 0 2779 1621
2F 2956 173 0 2783 1476
30 2245 173 0 2073 1480
31 2751 173 0 2582 1480
32 1431 173 0 1259 1480
33 1431 173 0 1259 1480
34 1826 173 -395 1653 1480
35 1135 173 0 963 1480
36 1233 173 -37 1061 1517
37 2196 173 0 2024 1517
38 1941 74 -37 1769 1616
39 2208 74 0 2036 1222
3A 1924 173 0 1752 1480
3B 1825 173 0 1653 691
3C 1826 173 0 1653 1480
3D 1826 173 0 1653 1480
3E 1825 173 0 1653 1480
3F 1863 74 0 1789 1096
40 1863 74 0 1789 1096
41 1203 173 -25 1032 1604
42 1624 173 -72 1551 1604
43 1381 173 239 1209 1517
44 1381 173 -37 1209 1241
45 1929 173 419 1756 1198
46 1929 173 419 1756 1198
47 1124 173 -37 952 1546
48 1124 173 -37 952 1546
49 1826 173 -25 1653 1604
4A 1727 86 -37 1640 1517
4B 1727 86 -37 1640 1517
4C 1727 86 -37 1640 1517
4D 2275 173 -37 2201 1517
4E 1352 173 -37 1180 1517
4F 1739 173 -210 1567 1579
50 2230 173 0 2083 1666
51 1819 173 0 1647 1480
52 1803 173 45 1631 1480
53 1332 173 0 1160 1480
54 1665 173 0 1493 1480
55 1529 173 0 1358 1480
56 1529 173 0 1357 1480
57 1480 173 0 1308 1480
58 1420 173 203 1247 1277
59 1627 173 0 1455 1480
5A 1813 173 0 1641 1480
5B 1826 173 0 1653 1480
5C 1834 173 -38 1662 1517
5D 1825 173 0 1653 1480
5E 2368 173 -395 2196 1518
5F 2159 173 -419 1986 1480
60 1974 173 -99 1802 1572
61 2233 173 0 2061 1481
62 1927 173 -419 1755 1604
63 1911 173 -395 1739 1507
64 1937 173 148 1764 1480
65 2099 173 -415 1926 1509
66 1902 173 -37 1729 1517
67 2245 173 -296 2073 1518
68 2181 173 123 2009 1357
69 1597 173 -37 1425 1517
6A 2150 179 -210 2199 1174
6B 2603 136 -321 2554 1517
6C 1529 173 148 1358 1332
6D 1951 173 0 1779 1480
6E 1529 173 148 1357 1332
6F 1825 173 0 1653 1480
70 1825 173 0 1653 1480
71 1825 173 0 1653 1480
72 1825 173 0 1653 1480
73 937 173 321 765 1159
74 1529 173 -97 1357 1578
75 2020 173 -97 1848 1578
76 1825 173 0 1653 1480
77 1183 173 321 1010 1159
78 2171 173 0 1999 1480
79 2171 173 0 1999 1480
7A 1825 173 0 1653 1480
7B 1826 173 32 1653 1451
7C 1826 173 53 1654 1472
7D 1086 74 864 1012 1579
7E 1086 74 864 1012 1579
80 1826 173 0 1653 1480
81 1826 173 0 1653 1480
82 1826 173 0 1653 1480
83 1826 173 0 1653 1480
84 1826 173 0 1653 1480
85 1826 173 0 1653 1480
86 1826 173 0 1653 1480
87 1826 173 0 1653 1480
88 1826 173 0 1653 1480
89 1826 173 0 1653 1480
8A 1826 173 0 1653 1480
8B 1826 173 0 1653 1480
8C 1826 173 0 1653 1480
8D 1826 173 0 1653 1480
8E 1826 173 0 1653 1480
8F 1826 173 0 1653 1480
90 1826 173 0 1653 1480
91 1826 173 0 1653 1480
92 1826 173 0 1653 1480
93 1826 173 0 1653 1480
94 1826 173 0 1653 1480
95 1826 173 0 1653 1480
96 2048 74 0 1974 1086
97 2048 74 0 1974 1086
98 2048 74 0 1974 1086
99 2048 74 0 1974 1086
9A 2048 56 0 1993 1086
9B 2048 56 0 1993 1086
9C 2048 56 0 1993 1086
9D 2048 56 0 1993 1086
9E 641 173 592 469 888
9F 937 173 444 765 1036
A0 641 173 592 469 888
A1 1825 173 0 1653 1480
A2 1825 173 0 1653 1480
A3 1825 173 0 1653 1480
A4 1825 173 0 1653 1480
A5 1825 173 0 1653 1480
A6 1951 173 0 1779 1480
A7 937 173 444 765 1036
A8 1825 173 0 1653 1480
A9 1825 272 371 1553 1480
AA 1825 173 0 1653 1480
AB 1825 209 142 1615 1480
AC 1825 271 0 1554 1480
AD 1825 173 0 1653 1480
AE 1825 173 0 1653 1480
AF 1825 173 0 1653 1480
B0 1825 173 0 1653 1480
B1 1825 173 0 1653 1480
B2 1825 173 0 1653 1480
B3 1825 354 182 1471 1298
B4 1825 173 0 1653 1480
B5 1825 173 0 1653 1480
B6 1825 135 142 1690 1480
B7 1825 173 0 1653 1480
B8 1825 173 0 1653 1480
B9 1825 173 0 1653 1480
BA 1825 173 0 1653 1480
BB 1825 173 0 1653 1480
BC 1825 173 0 1653 1480
BD 1825 173 0 1653 1480
BE 1825 173 0 1653 1480
BF 1825 173 0 1653 1480
C0 1825 173 0 1653 1480
C1 1825 173 0 1653 1480
C2 1825 173 0 1653 1480
C3 1825 173 -185 1653 1616
C4 1825 173 -185 1653 1616
C5 1825 173 -185 1653 1616
C6 1825 173 -185 1653 1616
C7 2146 173 0 1974 1480
C8 2146 173 0 1974 1480
C9 2146 173 0 1974 1480
CA 2146 173 0 1974 1480
CB 2048 49 -395 1998 1567
CC 2048 0 -432 2048 1616
CD 2048 49 -382 1998 1567
CE 2048 49 -382 1998 1567
CF 2048 49 -382 1998 1567
D0 2048 49 -382 1998 1567
D1 2048 49 -383 1998 1567
D2 2048 49 -382 1999 1567
D3 2048 49 -382 1999 1567
D4 2048 49 -382 1998 1568
D5 2566 173 0 2393 1480
D6 2566 173 0 2393 1480
D7 1627 173 0 1455 1480
D8 1627 173 0 1455 1480
D9 1825 173 198 1653 1480
DA 1825 173 0 1653 1282
DB 1825 173 0 1611 1480
DC 1825 215 0 1653 1480
DD 1825 173 42 1653 1480
DE 1825 173 0 1653 1438
DF 2006 173 0 1834 1480
E0 2006 173 0 1834 1480
E1 1825 173 -181 1653 1480
E2 1825 173 0 1653 1661
E3 1589 173 118 1417 1362
E4 1589 173 118 1417 1362
E5 1589 173 118 1417 1362
E6 1589 173 118 1417 1362
E7 2186 173 0 2014 1480
E8 2186 173 0 2014 1480
E9 1825 173 -361 1653 1480
EA 1825 173 0 1653 1841
EB 1787 173 19 1615 1461
EC 1787 173 19 1615 1461
ED 1787 173 19 1615 1461
EE 1787 173 19 1615 1461
EF 1825 173 107 1653 1373
F0 1825 173 107 1653 1373
F1 1660 197 0 1463 1480
F2 1660 197 0 1463 1480
F3 2171 173 107 1999 1373
F4 1660 197 -346 1463 1480
F5 1601 173 224 1429 1480
F6 1601 173 224 1429 1480
F7 1601 173 0 1429 1256
F8 1601 173 0 1429 1256
F9 987 99 444 888 1036
FA 789 99 444 691 1036
FB 1301 148 294 1153 1227
FC 1609 148 251 1535 1568
FD 1826 173 0 1653 1480
FE 1826 173 0 1768 1561
